10 0.00430750846862793 0.003450632095336914 0.008165121078491211 0.015413522720336914
20 0.010329246520996094 0.006628513336181641 0.026824235916137695 0.025055885314941406
30 0.016427040100097656 0.010880708694458008 0.04933977127075195 0.040582895278930664
40 0.017939329147338867 0.015131950378417969 0.02927875518798828 0.04944181442260742
50 0.037487030029296875 0.0198671817779541 0.0527043342590332 0.06958365440368652
60 0.02677631378173828 0.01426553726196289 0.07477474212646484 0.09485816955566406
70 0.06251764297485352 0.03647303581237793 0.1078181266784668 0.1046140193939209
80 0.025179624557495117 0.02476787567138672 0.04119420051574707 0.11117720603942871
90 0.03942394256591797 0.054526567459106445 0.052312612533569336 0.1492927074432373
100 0.05377984046936035 0.04573416709899902 0.10159111022949219 0.14228534698486328
110 0.0654141902923584 0.05033063888549805 0.1587824821472168 0.15241026878356934
120 0.0782773494720459 0.035443782806396484 0.18694591522216797 0.21590089797973633
130 0.09526705741882324 0.06526613235473633 0.17992043495178223 0.16724681854248047
140 0.04186892509460449 0.02995753288269043 0.05519461631774902 0.1829068660736084
150 0.06524920463562012 0.06756711006164551 0.11411857604980469 0.22563791275024414
160 0.07430195808410645 0.04348039627075195 0.20880794525146484 0.22564363479614258
170 0.11290168762207031 0.10208892822265625 0.276930570602417 0.26552271842956543
180 0.06848478317260742 0.07157731056213379 0.2304081916809082 0.27187323570251465
190 0.07069158554077148 0.07748699188232422 0.19631624221801758 0.2659926414489746
200 0.1030128002166748 0.0828089714050293 0.2782890796661377 0.29412364959716797
210 0.0712125301361084 0.06284952163696289 0.1355597972869873 0.29724693298339844
220 0.07535552978515625 0.0789942741394043 0.1270613670349121 0.33045053482055664
230 0.08537912368774414 0.14403247833251953 0.19366836547851562 0.35587549209594727
240 0.0943746566772461 0.10209298133850098 0.22571468353271484 0.33283257484436035
250 0.1273479461669922 0.09355783462524414 0.3317558765411377 0.3975653648376465
260 0.12675094604492188 0.17417597770690918 0.39203429222106934 0.4257056713104248
270 0.08410906791687012 0.10100340843200684 0.16044378280639648 0.38237690925598145
280 0.09689688682556152 0.10754680633544922 0.16156506538391113 0.4146687984466553
290 0.13038349151611328 0.170548677444458 0.250124454498291 0.45683813095092773
300 0.12596964836120605 0.09095311164855957 0.3407762050628662 0.4285879135131836
