10 22 22 22 22
20 34 34 34 34
30 507 507 211 507
40 717 717 251 717
50 230 230 230 230
60 1150 1150 339 1150
70 332 332 332 332
80 1444 1444 314 1444
90 1735 1735 364 1735
100 1805 1805 600 1805
110 504 504 504 504
120 2356 2356 667 2356
130 884 884 884 884
140 2618 2618 390 2618
150 2771 2771 499 2771
160 2984 2984 989 2984
170 3279 3279 941 3279
180 3505 3505 784 3505
190 3557 3557 913 3557
200 3945 3945 1069 3945
210 3935 3935 794 3935
220 4248 4248 638 4248
230 4276 4276 815 4276
240 4473 4473 917 4473
250 4785 4785 1287 4785
260 5118 5118 1290 5118
270 5138 5138 929 5138
280 5324 5324 725 5324
290 5667 5667 1037 5667
300 5516 5516 1301 5516
